43
64
0
63
83
16
41
96
70
43
77
83
33
20
55
22
81
32
49
5
90
36
60
71
64
74
69
94
68
72
7
79
15
35
80
10
9
91
24
46
99
11
23
76
10
59
74
85
55
11
39
13
38
26
95
13
2
14
36
8
6
9
69
97
61
61
25
76
31
22
27
12
67
2
94
75
42
12
26
15
57
11
73
88
46
78
80
37
96
18
74
26
34
80
62
75
37
91
18
78
29
85
58
85
28
83
33
55
21
2
87
6
51
67
2
35
31
49
30
22
35
26
19
17
84
36
72
24
70
91
79
94
17
43
49
30
58
2
90
66
14
20
83
33
58
6
21
74
18
10
100
31
0
99
51
89
100
27
22
91
36
15
28
88
28
46
4
15
84
46
72
4
55
80
63
38
79
55
95
64
91
34
55
60
86
23
90
18
54
90
45
47
76
7
3
3
14
13
56
0
21
1
1
39
32
12
80
89
95
34
83
1
25
59
8
75
39
17
69
56
20
77
17
79
21
23
10
26
29
76
87
29
75
89
95
39
95
67
94
26
85
33
20
0
58
80
56
45
85
32
75
98
26
46
14
88
18
44
60
76
53
73
87
21
40
0
93
40
92
4
88
79
91
100
14
45
94
3
29
68
15
75
58
1
91
3
62
83
12
82
55
12
66
67
89
29
79
35
1
24
29
26
100
100
61
80
71
85
43
100
57
13
96
3
33
5
12
7
36
57
39
9
86
30
66
23
32
70
30
15
44
17
58
47
37
75
83
5
69
15
43
18
77
31
52
100
33
93
42
33
99
57
93
75
46
68
1
95
36
73
86
53
11
38
19
84
49
85
92
99
97
25
39
62
84
84
97
92
12
18
37
58
10
100
35
50
23
3
49
81
70
47
39
44
43
47
81
30
61
38
94
59
40
59
14
3
3
100
64
17
68
19
69
86
86
83
5
56
72
38
71
23
1
97
73
9
95
66
64
91
50
87
72
59
96
23
12
46
62
88
65
32
78
59
7
44
53
8
80
95
71
28
52
10
74
22
34
57
30
53
38
79
17
24
12
2
38
36
6
3
13
11
42
97
27
77
72
62
89
70
57
57
18
76
16
79
30
70
4
28
91
49
56
23
20
56
68
49
37
21
4
57
36
50
46
39
18
81
41
52
29
17
65
65
88
23
58
28
28
92
76
38
29
52
71
8
14
85
47
34
48
72
56
90
88
24
78
38
96
75
37
7
18
52
30
29
86
18
13
39
71
6
90
93
66
55
24
35
20
81
48
97
33
6
68
40
50
36
19
68
92
67
81
38
5
66
29
5
29
19
54
24
28
50
23
66
12
88
42
6
91
20
100
57
61
51
20
63
12
18
35
1
59
39
32
81
37
44
2
67
4
87
20
58
46
37
95
91
79
12
41
58
12
44
1
80
76
11
91
77
44
51
51
91
14
67
13
23
37
48
54
75
36
29
66
76
38
53
61
8
19
28
15
73
80
62
59
48
44
15
46
84
95
62
52
13
45
36
59
0
50
22
46
30
40
39
57
8
33
2
21
100
18
32
86
49
82
98
14
23
31
1
77
44
25
30
43
46
54
76
31
5
70
87
78
28
54
100
43
58
11
45
55
76
99
16
70
50
15
82
23
89
24
82
99
58
34
32
36
72
98
90
74
65
27
89
94
89
51
26
7
79
21
6
66
10
89
93
60
74
37
96
38
32
24
88
57
34
80
28
34
2
41
93
29
37
72
32
39
58
35
53
74
68
62
43
25
6
49
17
31
7
77
18
19
56
10
51
45
24
24
62
9
12
27
59
92
46
8
40
54
57
80
32
9
79
70
95
51
69
61
79
43
64
52
62
51
99
46
36
16
60
20
60
70
83
72
46
25
56
59
92
40
27
46
63
59
93
6
40
22
39
7
51
65
99
42
6
74
34
87
10
74
14
43
47
25
25
0
7
52
26
46
23
99
58
60
69
7
80
21
57
68
12
46
11
91
90
48
1
74
23
61
30
93
93
60
33
16
47
76
34
36
76
40
9
43
21
85
49
6
46
83
40
15
42
42
21
56
55
54
20
39
85
25
95
89
25
99
8
29
68
80
21
7
83
25
74
90
42
93
39
29
68
41
24
19
96
95
7
64
65
21
17
83
6
94
25
51
17
0
79
47
36
1
8
80
72
26
42
82
7
35
95
56
50
38
13
15
2
23
38
22
27
17
47
58
81
94
69
12
2
42
81
21
72
59
34
6
99
56
95
86
96
39
53
89
75
78
23
